20:53:27: Starting C:\Github\oldtrunk\QtProject\VP\build\Desktop_Qt_6_8_0_MinGW_64_bit-Debug\appVP.exe...
QML debugging is enabled. Only use this in a safe environment.
CPU Time for SingleGuardAlgorithm::initializeGuards start =38.648
X: 316
Z: 16
VIEWSHED  512 512 316 16 10 120
TILES: mem=100, blockSize=[1000,1000], numBlocks=20
CPU Time for Get_Options =0
CPU Time for Calc_Vis =0.008
VIEWSHED  512 512 120 33 10 120
TILES: mem=100, blockSize=[1000,1000], numBlocks=20
CPU Time for Get_Options =0
------------------------------------------------------------
CPU Time for Calc_Vis =0.004
CPU Time for MultiGuardAlgorithm::run start =60.101
CPU Time for SingleGuardAlgorithm::run start =0
Returning Path:
   Guard: 7
   Guard: 497
   Guard: 716
   Guard: 899
Frontier Details:
Frontier: 0
   Guards: 
1265
1261
1256
1226
1216
1193
1180
1166
1154
1153
1152
1151
1149
1148
1146
1145
1144
1143
1141
1140
1135
1068
998
997
996
995
1250
993
991
990
989
988
985
983
982
981
980
1235
978
977
976
975
958
950
925
907
899
823
815
806
743
987
730
979
722
710
697
946
689
933
676
920
663
655
641
1142
628
620
1122
865
608
607
606
605
603
602
601
785
271
270
143
397
268
267
265
264
263
262
389
517
260
258
257
130
1027
256
255
254
509
252
250
1018
247
246
245
244
880
109
236
872
101
355
251
249
1150
893
122
1147
376
190
266
148
275
1081
53
259
590
169
1040
12
269
1205
177
304
762
248
272
95
754
240
1243
986
215
82
596
156
283
410
1271
243
253
61
575
46
994
223
775
4
261
793
279
202
583
1269
241
1139
368
1270
242
496
274
276
273
530
278
280
1048
277
534
281
25
282
284
291
312
582
325
836
579
74
588
1118
604
347
417
430
438
194
451
578
971
457
584
984
470
597
992
478
1005
491
1061
33
547
555
568
572
1087
573
574
576
577
580
581
585
1100
586
844
587
589
1105
334
591
592
593
594
852
595
598
599
600
Frontier: 1
   Guards: 
1274
1271
1269
1265
1263
1261
1258
1257
1210
1207
1205
1202
1199
1197
1195
1190
1187
1183
1182
1181
1179
1178
1176
1174
1173
1171
1170
1168
1166
1163
1160
1158
1155
1153
1151
1148
1145
1140
1137
1135
1132
1129
1127
1124
1120
1112
1107
1103
552
1093
539
524
1065
503
501
1042
494
1035
492
1033
491
1032
489
1030
488
1029
486
1027
484
1025
483
1024
481
1022
480
479
1020
478
476
475
473
472
471
1012
470
468
467
465
463
462
460
459
458
999
455
451
992
448
989
445
443
984
440
435
976
432
973
427
968
424
965
422
963
419
960
414
955
412
404
358
355
353
351
350
348
347
345
343
342
340
339
338
337
335
334
332
331
330
329
327
322
386
927
1238
129
670
1237
128
669
1110
1
1083
383
1235
126
667
1232
123
664
378
919
1230
121
662
120
661
118
659
373
914
116
657
115
656
370
911
113
654
369
910
112
653
368
909
1220
111
652
238
779
367
908
1219
110
651
365
906
1217
108
649
363
904
1215
106
647
490
1031
233
774
362
903
1214
105
646
361
902
1213
104
645
360
901
1212
103
487
1028
230
771
357
898
1209
100
641
359
900
1211
102
643
557
1098
43
14
1096
1250
141
1228
119
660
364
905
1216
107
648
48
589
19
560
1101
1255
146
530
273
814
549
1090
35
381
922
1233
124
665
1115
6
1088
133
674
536
22
541
27
568
281
822
366
907
1218
109
650
493
1034
236
777
50
336
877
79
371
912
1223
114
655
498
1039
241
782
55
182
309
341
882
1193
84
625
1226
117
658
58
599
344
885
87
1231
122
663
506
249
790
1172
63
190
317
349
890
92
633
1234
125
666
252
1175
66
607
352
893
95
1236
127
668
511
254
795
1118
9
1091
1245
136
677
325
1177
68
609
354
895
97
638
130
671
514
1055
257
798
1180
71
612
17
1099
144
333
874
1185
76
617
544
1085
30
346
887
89
630
40
581
356
897
99
1240
131
672
132
673
391
1243
134
675
135
676
519
262
803
394
935
137
678
1247
138
679
522
1063
265
806
139
140
681
399
940
142
683
1252
143
527
270
811
402
943
1254
145
686
407
948
1259
150
691
410
153
694
1267
158
699
285
826
1270
161
702
288
829
1272
163
704
166
707
293
834
171
712
298
839
174
301
179
306
184
187
314
192
319
453
196
737
456
997
199
740
461
1002
204
745
464
207
748
466
1007
209
750
469
1010
212
753
474
1015
217
758
477
1018
220
761
482
1023
225
766
485
1026
228
769
532
1073
275
816
278
819
283
824
296
837
562
565
570
573
578
586
594
597
602
605
614
622
635
710
714
716
719
724
727
732
735
743
747
749
751
752
755
756
757
759
760
762
763
764
765
767
768
770
772
773
775
776
778
787
800
808
810
812
813
815
817
818
820
821
823
825
827
828
830
831
832
833
835
836
838
841
846
849
854
857
859
862
865
867
869
913
915
916
917
918
920
921
923
930
938
946
952
971
987
995
1036
1037
1038
1040
1041
1043
1045
1050
1053
1058
1061
1070
1075
1078
1081
1086
1089
1092
1094
1095
1097
1100
1102
Frontier: 2
CPU Time for SingleGuardAlgorithm::run end =0.081
CPU Time for MultiGuardAlgorithm::run end =0
   Guards: 
1268
1260
1253
1252
1242
1239
1237
1234
1231
1216
1208
1204
1201
540
539
1080
526
1067
497
493
1034
490
485
482
474
453
994
450
991
449
447
445
986
444
442
439
437
978
436
435
434
431
972
429
970
428
969
427
426
967
423
964
421
962
420
961
419
418
959
416
957
415
956
406
401
942
393
388
929
385
380
377
372
364
359
352
349
344
341
333
303
300
295
292
290
287
537
280
534
1075
277
275
529
272
524
1065
267
521
264
805
516
1057
259
800
513
256
797
508
251
792
505
248
789
246
500
243
784
239
495
238
237
235
108
362
903
105
646
232
100
227
1207
98
639
354
895
1206
97
224
351
892
1203
94
635
221
93
634
477
220
761
1199
90
631
346
887
1198
89
216
343
884
86
627
213
85
626
469
212
753
339
880
82
623
466
209
750
338
879
81
208
79
620
206
335
876
1187
78
619
205
746
77
618
461
204
745
74
615
458
201
742
330
871
1182
73
200
741
71
612
198
739
69
610
66
45
1184
75
616
1157
202
1200
91
632
475
218
759
32
1114
61
96
637
480
223
764
37
324
67
194
1192
83
624
467
210
538
1079
70
611
454
197
738
11
552
1189
80
621
53
1162
464
207
748
535
1076
562
50
591
42
583
72
613
456
199
554
1249
140
88
472
215
756
570
58
599
308
1160
51
24
1133
52
1134
311
54
1136
438
181
722
55
596
1137
1165
56
29
1138
57
441
184
725
541
1082
1236
127
316
59
186
727
60
601
1142
544
319
62
446
189
730
63
604
1145
321
64
65
1147
367
110
651
1220
111
370
911
1222
113
654
114
1225
116
657
375
916
118
659
119
660
1230
121
662
1233
124
665
126
667
1238
129
670
132
134
675
137
678
396
937
1248
139
680
1251
142
145
404
945
147
688
409
950
152
693
155
696
414
955
1266
157
417
958
160
701
422
165
706
425
966
168
709
430
173
714
433
974
176
717
452
195
736
203
744
211
214
219
222
483
226
767
229
487
230
771
488
231
772
491
234
775
542
1083
543
1084
545
1086
546
547
548
550
1091
551
553
1094
555
1096
556
1097
558
1099
559
1100
561
1102
563
1104
564
566
567
569
571
3
1112
572
575
580
588
1129
609
1150
617
625
628
636
640
642
643
644
672
685
704
715
718
719
720
721
723
726
728
729
731
733
734
737
758
766
769
774
777
781
802
820
822
827
830
835
838
840
843
848
851
856
859
861
864
869
870
872
873
875
877
878
881
883
886
888
889
891
894
896
898
906
909
912
914
917
919
922
924
932
940
951
953
954
965
973
981
989
1001
1004
1009
1012
1014
1017
1042
1044
1047
1052
1055
1060
1066
1068
1069
1071
1072
1074
1077
0
1109
8
1117
13
1122
1123
16
1125
1126
1128
21
1130
1131
Frontier: 3
   Guards: 
7
5
2
End of single Guard frontier algorithm
End of multi Guard frontier algorithm